0	0
1	0
2	0
3	0
4	0
5	0
6	0
7	0
8	0
9	0
10	0
11	0
12	0
13	0
14	0
15	0
16	1
17	0
18	0
19	1
20	0
21	0
22	0
23	1
24	0
25	0
26	1
27	0
28	0
29	1
30	1
31	0
32	0
33	0
34	0
35	0
36	0
37	0
38	0
39	0
40	0
41	0
42	0
43	0
44	0
45	1
46	0
47	1
48	0
49	0
50	0
51	0
52	0
53	0
54	1
55	0
56	0
57	1
58	0
59	1
60	1
61	0
62	0
63	0
64	0
65	0
66	0
67	0
68	0
69	0
70	1
71	0
72	0
73	0
74	1
75	0
76	0
77	0
78	0
79	0
80	1
81	0
82	1
83	0
84	0
85	1
86	0
87	1
88	0
89	0
90	0
91	1
92	0
93	1
94	0
95	1
96	0
97	0
98	1
99	0
100	0
101	0
102	0
103	0
104	0
105	0
106	0
107	0
108	0
109	0
110	0
111	1
112	0
113	1
114	0
115	1
116	0
117	0
118	0
119	0
120	1
121	0
122	1
123	0
124	1
125	0
126	1
127	0
128	0
129	0
130	0
131	0
132	0
133	0
134	0
135	0
136	0
137	0
138	0
139	1
140	0
141	0
142	0
143	0
144	0
145	0
146	0
147	0
148	0
149	1
150	0
151	1
152	0
153	1
154	0
155	1
156	0
157	1
158	0
159	1
160	0
161	0
162	0
163	0
164	1
165	0
166	0
167	0
168	0
169	0
170	0
171	0
172	0
173	0
174	0
175	0
176	1
177	0
178	1
179	0
180	0
181	0
182	1
183	0
184	1
185	1
186	0
187	0
188	1
189	0
190	1
191	0
192	0
193	0
194	0
195	0
196	0
197	0
198	0
199	0
200	1
201	0
202	1
203	0
204	0
205	0
206	1
207	0
208	0
209	0
210	0
211	1
212	0
213	1
214	0
215	1
216	0
217	1
218	0
219	1
220	0
221	1
222	0
223	1
224	0
225	0
226	0
227	0
228	0
229	0
230	0
231	0
232	0
233	1
234	0
235	0
236	1
237	0
238	1
239	0
240	0
241	1
242	1
243	0
244	1
245	0
246	1
247	0
248	1
249	0
250	1
251	0
252	1
253	0
254	1
255	0
256	0
257	0
258	0
259	1
260	0
261	0
262	1
263	0
264	1
265	0
266	0
267	0
268	0
269	0
270	1
271	1
272	1
273	0
274	0
275	1
276	0
277	1
278	0
279	0
280	0
281	1
282	0
283	1
284	0
285	0
286	1
287	1
288	0
289	0
290	0
291	0
292	0
293	0
294	0
295	1
296	0
297	0
298	0
299	1
300	0
301	1
302	0
303	1
304	0
305	0
306	1
307	0
308	1
309	0
310	1
311	0
312	1
313	0
314	1
315	0
316	1
317	1
318	1
319	0
320	0
321	0
322	0
323	0
324	0
325	0
326	0
327	0
328	0
329	0
330	0
331	1
332	0
333	0
334	1
335	0
336	1
337	0
338	0
339	0
340	0
341	1
342	0
343	1
344	0
345	1
346	0
347	1
348	0
349	1
350	0
351	0
352	0
353	0
354	0
355	0
356	0
357	1
358	0
359	1
360	0
361	1
362	0
363	0
364	0
365	1
366	0
367	1
368	0
369	0
370	1
371	1
372	1
373	0
374	1
375	0
376	1
377	0
378	1
379	0
380	1
381	1
382	1
383	0
384	0
385	0
386	0
387	1
388	0
389	0
390	0
391	0
392	0
393	0
394	1
395	0
396	1
397	0
398	1
399	0
400	1
401	0
402	1
403	0
404	0
405	1
406	0
407	1
408	0
409	1
410	0
411	1
412	1
413	0
414	1
415	1
416	0
417	0
418	0
419	0
420	1
421	0
422	1
423	1
424	0
425	1
426	0
427	1
428	0
429	1
430	0
431	1
432	0
433	1
434	0
435	1
436	1
437	0
438	1
439	0
440	1
441	0
442	1
443	0
444	1
445	1
446	1
447	0
448	0
449	0
450	0
451	0
452	0
453	1
454	0
455	0
456	0
457	0
458	1
459	0
460	1
461	0
462	1
463	0
464	1
465	0
466	1
467	0
468	0
469	1
470	0
471	1
472	0
473	1
474	0
475	1
476	0
477	1
478	0
479	1
480	0
481	1
482	0
483	0
484	0
485	0
486	0
487	1
488	0
489	0
490	0
491	1
492	0
493	1
494	0
495	1
496	0
497	1
498	0
499	1
500	1
501	0
502	1
503	0
504	1
505	0
506	1
507	1
508	1
509	0
510	1
511	1
512	0
513	0
514	0
515	0
516	1
517	0
518	1
519	0
520	1
521	0
522	1
523	0
524	0
525	0
526	1
527	0
528	0
529	0
530	1
531	0
532	1
533	1
534	0
535	1
536	1
537	0
538	1
539	1
540	0
541	1
542	0
543	1
544	0
545	0
546	0
547	1
548	0
549	1
550	0
551	1
552	0
553	1
554	0
555	1
556	0
557	1
558	0
559	1
560	0
561	1
562	0
563	1
564	0
565	1
566	1
567	1
568	0
569	1
570	0
571	1
572	1
573	1
574	1
575	1
576	0
577	1
578	0
579	0
580	1
581	0
582	1
583	0
584	1
585	0
586	0
587	0
588	1
589	0
590	1
591	0
592	1
593	0
594	1
595	1
596	1
597	0
598	1
599	0
600	1
601	0
602	1
603	0
604	1
605	1
606	1
607	1
608	0
609	0
610	0
611	1
612	0
613	1
614	0
615	1
616	0
617	0
618	0
619	1
620	0
621	1
622	0
623	1
624	0
625	1
626	0
627	1
628	1
629	1
630	0
631	1
632	0
633	1
634	1
635	1
636	1
637	1
638	1
639	1
640	1
641	0
642	0
643	0
644	1
645	0
646	1
647	0
648	1
649	0
650	1
651	0
652	1
653	0
654	1
655	0
656	1
657	1
658	1
659	1
660	0
661	1
662	1
663	1
664	0
665	1
666	1
667	1
668	1
669	1
670	1
671	1
672	0
673	0
674	1
675	0
676	0
677	1
678	0
679	1
680	0
681	1
682	0
683	1
684	0
685	0
686	0
687	1
688	0
689	1
690	0
691	0
692	1
693	1
694	0
695	1
696	1
697	0
698	1
699	0
700	1
701	1
702	0
703	1
704	0
705	0
706	0
707	1
708	0
709	0
710	1
711	0
712	1
713	1
714	0
715	0
716	1
717	0
718	1
719	0
720	1
721	0
722	1
723	1
724	0
725	1
726	0
727	1
728	0
729	1
730	0
731	1
732	0
733	1
734	1
735	1
736	0
737	1
738	0
739	0
740	1
741	1
742	0
743	1
744	1
745	0
746	1
747	1
748	0
749	1
750	0
751	1
752	0
753	1
754	1
755	1
756	1
757	1
758	0
759	1
760	1
761	0
762	1
763	0
764	1
765	1
766	1
767	1
768	0
769	0
770	1
771	1
772	0
773	1
774	0
775	1
776	0
777	1
778	0
779	0
780	1
781	0
782	1
783	0
784	1
785	0
786	1
787	0
788	0
789	1
790	1
791	1
792	1
793	1
794	1
795	1
796	1
797	0
798	1
799	1
800	0
801	1
802	0
803	0
804	1
805	0
806	1
807	0
808	1
809	0
810	1
811	1
812	0
813	1
814	0
815	1
816	0
817	1
818	0
819	1
820	1
821	0
822	1
823	0
824	1
825	0
826	1
827	1
828	0
829	1
830	1
831	1
832	1
833	0
834	0
835	0
836	1
837	1
838	0
839	0
840	0
841	1
842	0
843	1
844	0
845	1
846	1
847	0
848	1
849	1
850	1
851	1
852	1
853	1
854	0
855	1
856	0
857	1
858	1
859	1
860	1
861	0
862	1
863	0
864	0
865	1
866	0
867	1
868	1
869	0
870	1
871	0
872	1
873	0
874	1
875	0
876	1
877	0
878	1
879	0
880	1
881	0
882	1
883	1
884	1
885	1
886	1
887	1
888	1
889	1
890	1
891	1
892	1
893	1
894	1
895	1
896	1
897	0
898	1
899	1
900	0
901	0
902	1
903	1
904	0
905	1
906	0
907	1
908	0
909	1
910	0
911	1
912	0
913	1
914	1
915	0
916	1
917	0
918	1
919	1
920	1
921	1
922	1
923	1
924	1
925	1
926	1
927	1
928	0
929	1
930	0
931	0
932	0
933	1
934	0
935	0
936	1
937	0
938	1
939	0
940	1
941	0
942	1
943	0
944	1
945	1
946	1
947	1
948	1
949	1
950	1
951	1
952	0
953	1
954	1
955	1
956	1
957	1
958	1
959	1
960	1
961	0
962	1
963	0
964	0
965	0
966	1
967	1
968	0
969	1
970	0
971	1
972	0
973	1
974	0
975	1
976	1
977	1
978	0
979	1
980	1
981	1
982	1
983	1
984	1
985	1
986	1
987	1
988	1
989	1
990	1
991	1
992	0
993	1
994	0
995	1
996	1
997	1
998	0
999	0
1000	1
1001	0
1002	1
1003	0
1004	1
1005	0
1006	1
1007	1
1008	1
1009	1
1010	1
1011	1
1012	1
1013	1
1014	1
1015	1
1016	1
1017	1
1018	1
1019	1
1020	1
1021	1
1022	1
1023	1
