0	0
1	0
2	0
3	0
4	0
5	0
6	0
7	0
8	0
9	0
10	0
11	0
12	0
13	0
14	0
15	0
16	0
17	0
18	0
19	0
20	0
21	0
22	0
23	0
24	0
25	0
26	0
27	1
28	0
29	1
30	0
31	1
32	0
33	0
34	0
35	0
36	0
37	0
38	0
39	0
40	0
41	0
42	0
43	0
44	0
45	0
46	0
47	0
48	0
49	0
50	0
51	0
52	0
53	0
54	0
55	0
56	0
57	0
58	1
59	0
60	1
61	0
62	1
63	0
64	0
65	0
66	0
67	0
68	0
69	0
70	0
71	0
72	0
73	0
74	0
75	0
76	0
77	0
78	0
79	0
80	0
81	0
82	0
83	0
84	0
85	0
86	0
87	1
88	0
89	1
90	0
91	1
92	0
93	1
94	0
95	1
96	0
97	0
98	0
99	0
100	0
101	0
102	0
103	0
104	0
105	0
106	0
107	0
108	0
109	0
110	0
111	0
112	1
113	0
114	0
115	0
116	0
117	0
118	1
119	0
120	1
121	0
122	1
123	0
124	1
125	0
126	1
127	0
128	0
129	0
130	0
131	0
132	0
133	0
134	0
135	0
136	0
137	0
138	0
139	0
140	0
141	0
142	0
143	0
144	0
145	0
146	1
147	0
148	0
149	1
150	0
151	1
152	0
153	1
154	0
155	1
156	0
157	1
158	0
159	1
160	0
161	0
162	0
163	0
164	0
165	0
166	0
167	0
168	0
169	0
170	0
171	0
172	0
173	0
174	0
175	0
176	0
177	0
178	0
179	0
180	0
181	0
182	1
183	0
184	1
185	0
186	1
187	0
188	1
189	0
190	1
191	0
192	0
193	0
194	0
195	0
196	0
197	0
198	0
199	0
200	0
201	0
202	0
203	0
204	0
205	0
206	0
207	0
208	0
209	0
210	0
211	0
212	1
213	0
214	0
215	1
216	0
217	1
218	0
219	1
220	0
221	1
222	0
223	1
224	0
225	0
226	0
227	0
228	0
229	0
230	0
231	0
232	0
233	0
234	0
235	0
236	0
237	0
238	0
239	0
240	0
241	1
242	0
243	1
244	0
245	1
246	0
247	1
248	0
249	1
250	0
251	1
252	0
253	0
254	1
255	0
256	0
257	0
258	0
259	0
260	0
261	0
262	0
263	0
264	0
265	0
266	0
267	0
268	0
269	0
270	0
271	0
272	1
273	0
274	1
275	0
276	1
277	0
278	1
279	0
280	1
281	0
282	1
283	0
284	1
285	1
286	0
287	1
288	0
289	0
290	0
291	0
292	0
293	0
294	0
295	0
296	0
297	0
298	0
299	0
300	0
301	0
302	0
303	1
304	0
305	0
306	0
307	1
308	0
309	1
310	0
311	1
312	0
313	1
314	0
315	1
316	0
317	1
318	1
319	0
320	0
321	0
322	0
323	0
324	0
325	0
326	0
327	0
328	0
329	0
330	0
331	0
332	0
333	0
334	1
335	0
336	1
337	0
338	1
339	0
340	1
341	0
342	1
343	0
344	1
345	0
346	1
347	0
348	1
349	0
350	1
351	1
352	0
353	0
354	0
355	0
356	0
357	0
358	0
359	0
360	0
361	0
362	0
363	0
364	0
365	0
366	0
367	1
368	0
369	1
370	0
371	1
372	0
373	1
374	0
375	1
376	0
377	1
378	0
379	1
380	0
381	1
382	1
383	1
384	0
385	0
386	0
387	0
388	0
389	0
390	0
391	0
392	0
393	0
394	0
395	1
396	0
397	0
398	1
399	0
400	1
401	0
402	1
403	0
404	1
405	0
406	1
407	0
408	1
409	0
410	1
411	0
412	1
413	1
414	1
415	1
416	0
417	0
418	0
419	0
420	0
421	0
422	0
423	0
424	0
425	1
426	1
427	0
428	1
429	0
430	0
431	1
432	0
433	1
434	0
435	1
436	0
437	1
438	0
439	1
440	0
441	1
442	0
443	1
444	1
445	0
446	1
447	1
448	0
449	0
450	0
451	0
452	0
453	0
454	0
455	1
456	0
457	0
458	0
459	0
460	0
461	1
462	0
463	0
464	1
465	0
466	1
467	0
468	1
469	0
470	1
471	0
472	1
473	0
474	1
475	0
476	1
477	1
478	1
479	1
480	0
481	0
482	0
483	0
484	0
485	0
486	0
487	0
488	0
489	0
490	1
491	0
492	0
493	0
494	1
495	0
496	1
497	0
498	0
499	1
500	0
501	1
502	0
503	1
504	1
505	1
506	0
507	1
508	1
509	0
510	1
511	1
512	0
513	0
514	0
515	0
516	0
517	0
518	0
519	0
520	0
521	1
522	0
523	1
524	0
525	1
526	0
527	1
528	0
529	1
530	0
531	1
532	1
533	1
534	1
535	0
536	1
537	0
538	1
539	1
540	1
541	1
542	1
543	1
544	0
545	0
546	0
547	0
548	0
549	0
550	1
551	0
552	1
553	0
554	1
555	0
556	1
557	0
558	1
559	0
560	1
561	0
562	1
563	0
564	1
565	0
566	1
567	1
568	0
569	1
570	1
571	1
572	0
573	1
574	1
575	1
576	0
577	0
578	0
579	1
580	0
581	1
582	0
583	1
584	0
585	1
586	0
587	1
588	0
589	1
590	0
591	1
592	0
593	1
594	0
595	1
596	0
597	1
598	1
599	1
600	1
601	1
602	0
603	1
604	1
605	1
606	1
607	1
608	0
609	0
610	0
611	0
612	1
613	0
614	0
615	0
616	0
617	0
618	1
619	0
620	1
621	0
622	1
623	0
624	1
625	0
626	1
627	0
628	1
629	1
630	0
631	1
632	1
633	1
634	1
635	1
636	1
637	1
638	1
639	1
640	0
641	0
642	0
643	0
644	0
645	1
646	0
647	1
648	0
649	1
650	0
651	1
652	0
653	1
654	0
655	1
656	0
657	1
658	1
659	1
660	0
661	1
662	1
663	1
664	1
665	1
666	1
667	1
668	1
669	1
670	1
671	1
672	0
673	0
674	0
675	0
676	1
677	0
678	1
679	0
680	1
681	0
682	1
683	0
684	1
685	0
686	1
687	0
688	1
689	0
690	1
691	0
692	1
693	1
694	1
695	1
696	1
697	1
698	1
699	1
700	1
701	1
702	1
703	1
704	0
705	0
706	0
707	1
708	0
709	1
710	0
711	1
712	0
713	1
714	0
715	1
716	0
717	1
718	0
719	1
720	0
721	1
722	0
723	1
724	0
725	1
726	1
727	1
728	1
729	1
730	1
731	1
732	1
733	1
734	1
735	1
736	0
737	0
738	1
739	0
740	1
741	0
742	1
743	0
744	1
745	0
746	1
747	0
748	1
749	0
750	1
751	0
752	1
753	0
754	1
755	0
756	1
757	1
758	1
759	1
760	1
761	1
762	1
763	1
764	1
765	1
766	1
767	1
768	0
769	0
770	0
771	1
772	0
773	1
774	0
775	1
776	0
777	1
778	0
779	1
780	1
781	1
782	0
783	1
784	1
785	1
786	1
787	1
788	1
789	1
790	1
791	1
792	1
793	1
794	1
795	1
796	1
797	1
798	1
799	1
800	1
801	0
802	1
803	0
804	1
805	0
806	1
807	0
808	1
809	0
810	1
811	0
812	1
813	0
814	1
815	1
816	0
817	1
818	1
819	1
820	1
821	1
822	1
823	1
824	1
825	1
826	1
827	1
828	1
829	1
830	1
831	1
832	0
833	1
834	0
835	1
836	0
837	1
838	0
839	1
840	0
841	1
842	0
843	1
844	0
845	1
846	1
847	0
848	1
849	1
850	1
851	1
852	1
853	1
854	1
855	1
856	1
857	1
858	1
859	1
860	1
861	1
862	1
863	1
864	1
865	0
866	1
867	0
868	1
869	0
870	1
871	0
872	1
873	0
874	1
875	0
876	1
877	0
878	1
879	1
880	1
881	1
882	1
883	1
884	1
885	1
886	1
887	1
888	1
889	1
890	1
891	1
892	1
893	1
894	1
895	1
896	0
897	1
898	0
899	1
900	0
901	1
902	0
903	1
904	0
905	1
906	0
907	1
908	0
909	1
910	1
911	0
912	1
913	1
914	1
915	1
916	1
917	1
918	1
919	1
920	1
921	1
922	1
923	1
924	1
925	1
926	1
927	1
928	1
929	0
930	1
931	0
932	1
933	0
934	1
935	0
936	1
937	0
938	1
939	0
940	1
941	0
942	1
943	1
944	1
945	1
946	1
947	1
948	1
949	1
950	1
951	1
952	1
953	1
954	1
955	1
956	1
957	1
958	1
959	1
960	0
961	1
962	0
963	1
964	0
965	1
966	0
967	1
968	1
969	1
970	0
971	1
972	0
973	1
974	1
975	1
976	1
977	1
978	1
979	1
980	1
981	1
982	1
983	1
984	1
985	1
986	1
987	1
988	1
989	1
990	1
991	1
992	1
993	0
994	1
995	0
996	1
997	0
998	1
999	0
1000	1
1001	1
1002	1
1003	1
1004	1
1005	1
1006	1
1007	1
1008	1
1009	1
1010	1
1011	1
1012	1
1013	1
1014	1
1015	1
1016	1
1017	1
1018	1
1019	1
1020	1
1021	1
1022	1
1023	1
