4
5
6
7
9
10
11
12
13
17
18
19
20
21
23
24
25
26
27
28
29
31
32
35
38
39
41
42
44
47
48
49
50
51
52
54
56
57
58
62
64
66
68
70
71
73
77
79
83
86
87
90
91
93
96
97
98
99
101
102
103
107
108
112
114
115
118
119
123
124
126
127
128
131
133
134
136
143
144
145
151
154
155
156
158
159
164
165
166
167
172
173
175
176
178
179
183
184
188
189
192
193
196
197
200
201
203
205
206
207
208
211
213
214
216
219
220
222
225
226
237
240
245
247
249
250
251
253
257
258
260
263
270
273
275
279
280
281
282
283
284
285
286
287
288
289
290
291
292
293
294
297
298
300
301
304
306
310
312
313
316
317
318
320
322
323
324
326
327
330
331
332
334
337
340
342
347
349
350
356
358
360
361
362
363
364
365
366
368
369
371
372
373
374
376
377
381
382
384
386
391
392
393
396
398
399
401
402
407
408
409
412
415
416
418
419
420
423
428
429
430
432
433
435
437
438
440
442
445
447
448
449
452
453
454
458
461
462
463
470
472
473
476
477
478
481
483
484
489
490
494
496
498
499
501
503
509
510
511
514
515
516
519
520
526
533
540
541
548
550
551
554
555
559
561
562
564
565
567
568
569
570
573
577
578
579
581
582
585
586
588
590
595
598
601
602
605
606
608
609
610
612
613
616
624
634
635
636
639
641
642
643
646
649
650
651
652
653
656
657
660
662
663
664
666
667
668
670
672
673
675
676
677
680
681
682
683
684
685
687
693
696
697
698
699
700
705
706
708
711
712
715
716
717
719
720
722
723
725
727
728
732
734
735
736
739
740
741
742
743
744
745
748
750
751
754
755
756
758
760
761
763
765
766
767
773
776
777
778
779
780
782
783
786
792
793
794
796
798
800
801
802
805
813
817
819
822
833
836
837
838
839
843
844
845
849
852
854
855
856
859
862
865
869
871
874
881
882
884
886
888
892
893
894
898
901
905
908
909
910
911
918
920
921
923
924
927
933
934
935
944
945
947
948
950
951
952
957
958
960
961
963
964
965
966
967
968
969
973
979
981
982
990
992
993
994
995
996
997
999
1001
1002
1003
1004
1005
1008
1011
1014
1017
1021
