0	32	1
0	1	1
1	0	1
1	33	1
1	2	1
2	1	1
2	34	1
2	3	1
3	2	1
3	35	1
3	4	1
4	3	1
4	36	1
4	5	1
5	4	1
5	37	1
5	6	1
6	5	1
6	38	1
6	7	1
7	6	1
7	39	1
7	8	1
8	7	1
8	40	1
8	9	1
9	8	1
9	41	1
9	10	1
10	9	1
10	42	1
10	11	1
11	10	1
11	43	1
11	12	1
12	11	1
12	44	1
12	13	1
13	12	1
13	45	1
13	14	1
14	13	1
14	46	1
14	15	1
15	14	1
15	47	1
15	16	1
16	15	1
16	48	1
16	17	1
17	16	1
17	49	1
17	18	1
18	17	1
18	50	1
18	19	1
19	18	1
19	51	1
19	20	1
20	19	1
20	52	1
20	21	1
21	20	1
21	53	1
21	22	1
22	21	1
22	54	1
22	23	1
23	22	1
23	55	1
23	24	1
24	23	1
24	56	1
24	25	1
25	24	1
25	57	1
25	26	1
26	25	1
26	58	1
26	27	1
27	26	1
27	59	1
27	28	1
28	27	1
28	60	1
28	29	1
29	28	1
29	61	1
29	30	1
30	29	1
30	62	1
30	31	1
31	30	1
31	63	1
32	0	1
32	64	1
32	33	1
33	1	1
33	32	1
33	65	1
33	34	1
34	2	1
34	33	1
34	66	1
34	35	1
35	3	1
35	34	1
35	67	1
35	36	1
36	4	1
36	35	1
36	68	1
36	37	1
37	5	1
37	36	1
37	69	1
37	38	1
38	6	1
38	37	1
38	70	1
38	39	1
39	7	1
39	38	1
39	71	1
39	40	1
40	8	1
40	39	1
40	72	1
40	41	1
41	9	1
41	40	1
41	73	1
41	42	1
42	10	1
42	41	1
42	74	1
42	43	1
43	11	1
43	42	1
43	75	1
43	44	1
44	12	1
44	43	1
44	76	1
44	45	1
45	13	1
45	44	1
45	77	1
45	46	1
46	14	1
46	45	1
46	78	1
46	47	1
47	15	1
47	46	1
47	79	1
47	48	1
48	16	1
48	47	1
48	80	1
48	49	1
49	17	1
49	48	1
49	81	1
49	50	1
50	18	1
50	49	1
50	82	1
50	51	1
51	19	1
51	50	1
51	83	1
51	52	1
52	20	1
52	51	1
52	84	1
52	53	1
53	21	1
53	52	1
53	85	1
53	54	1
54	22	1
54	53	1
54	86	1
54	55	1
55	23	1
55	54	1
55	87	1
55	56	1
56	24	1
56	55	1
56	88	1
56	57	1
57	25	1
57	56	1
57	89	1
57	58	1
58	26	1
58	57	1
58	90	1
58	59	1
59	27	1
59	58	1
59	91	1
59	60	1
60	28	1
60	59	1
60	92	1
60	61	1
61	29	1
61	60	1
61	93	1
61	62	1
62	30	1
62	61	1
62	94	1
62	63	1
63	31	1
63	62	1
63	95	1
64	32	1
64	96	1
64	65	1
65	33	1
65	64	1
65	97	1
65	66	1
66	34	1
66	65	1
66	98	1
66	67	1
67	35	1
67	66	1
67	99	1
67	68	1
68	36	1
68	67	1
68	100	1
68	69	1
69	37	1
69	68	1
69	101	1
69	70	1
70	38	1
70	69	1
70	102	1
70	71	1
71	39	1
71	70	1
71	103	1
71	72	1
72	40	1
72	71	1
72	104	1
72	73	1
73	41	1
73	72	1
73	105	1
73	74	1
74	42	1
74	73	1
74	106	1
74	75	1
75	43	1
75	74	1
75	107	1
75	76	1
76	44	1
76	75	1
76	108	1
76	77	1
77	45	1
77	76	1
77	109	1
77	78	1
78	46	1
78	77	1
78	110	1
78	79	1
79	47	1
79	78	1
79	111	1
79	80	1
80	48	1
80	79	1
80	112	1
80	81	1
81	49	1
81	80	1
81	113	1
81	82	1
82	50	1
82	81	1
82	114	1
82	83	1
83	51	1
83	82	1
83	115	1
83	84	1
84	52	1
84	83	1
84	116	1
84	85	1
85	53	1
85	84	1
85	117	1
85	86	1
86	54	1
86	85	1
86	118	1
86	87	1
87	55	1
87	86	1
87	119	1
87	88	1
88	56	1
88	87	1
88	120	1
88	89	1
89	57	1
89	88	1
89	121	1
89	90	1
90	58	1
90	89	1
90	122	1
90	91	1
91	59	1
91	90	1
91	123	1
91	92	1
92	60	1
92	91	1
92	124	1
92	93	1
93	61	1
93	92	1
93	125	1
93	94	1
94	62	1
94	93	1
94	126	1
94	95	1
95	63	1
95	94	1
95	127	1
96	64	1
96	128	1
96	97	1
97	65	1
97	96	1
97	129	1
97	98	1
98	66	1
98	97	1
98	130	1
98	99	1
99	67	1
99	98	1
99	131	1
99	100	1
100	68	1
100	99	1
100	132	1
100	101	1
101	69	1
101	100	1
101	133	1
101	102	1
102	70	1
102	101	1
102	134	1
102	103	1
103	71	1
103	102	1
103	135	1
103	104	1
104	72	1
104	103	1
104	136	1
104	105	1
105	73	1
105	104	1
105	137	1
105	106	1
106	74	1
106	105	1
106	138	1
106	107	1
107	75	1
107	106	1
107	139	1
107	108	1
108	76	1
108	107	1
108	140	1
108	109	1
109	77	1
109	108	1
109	141	1
109	110	1
110	78	1
110	109	1
110	142	1
110	111	1
111	79	1
111	110	1
111	143	1
111	112	1
112	80	1
112	111	1
112	144	1
112	113	1
113	81	1
113	112	1
113	145	1
113	114	1
114	82	1
114	113	1
114	146	1
114	115	1
115	83	1
115	114	1
115	147	1
115	116	1
116	84	1
116	115	1
116	148	1
116	117	1
117	85	1
117	116	1
117	149	1
117	118	1
118	86	1
118	117	1
118	150	1
118	119	1
119	87	1
119	118	1
119	151	1
119	120	1
120	88	1
120	119	1
120	152	1
120	121	1
121	89	1
121	120	1
121	153	1
121	122	1
122	90	1
122	121	1
122	154	1
122	123	1
123	91	1
123	122	1
123	155	1
123	124	1
124	92	1
124	123	1
124	156	1
124	125	1
125	93	1
125	124	1
125	157	1
125	126	1
126	94	1
126	125	1
126	158	1
126	127	1
127	95	1
127	126	1
127	159	1
128	96	1
128	160	1
128	129	1
129	97	1
129	128	1
129	161	1
129	130	1
130	98	1
130	129	1
130	162	1
130	131	1
131	99	1
131	130	1
131	163	1
131	132	1
132	100	1
132	131	1
132	164	1
132	133	1
133	101	1
133	132	1
133	165	1
133	134	1
134	102	1
134	133	1
134	166	1
134	135	1
135	103	1
135	134	1
135	167	1
135	136	1
136	104	1
136	135	1
136	168	1
136	137	1
137	105	1
137	136	1
137	169	1
137	138	1
138	106	1
138	137	1
138	170	1
138	139	1
139	107	1
139	138	1
139	171	1
139	140	1
140	108	1
140	139	1
140	172	1
140	141	1
141	109	1
141	140	1
141	173	1
141	142	1
142	110	1
142	141	1
142	174	1
142	143	1
143	111	1
143	142	1
143	175	1
143	144	1
144	112	1
144	143	1
144	176	1
144	145	1
145	113	1
145	144	1
145	177	1
145	146	1
146	114	1
146	145	1
146	178	1
146	147	1
147	115	1
147	146	1
147	179	1
147	148	1
148	116	1
148	147	1
148	180	1
148	149	1
149	117	1
149	148	1
149	181	1
149	150	1
150	118	1
150	149	1
150	182	1
150	151	1
151	119	1
151	150	1
151	183	1
151	152	1
152	120	1
152	151	1
152	184	1
152	153	1
153	121	1
153	152	1
153	185	1
153	154	1
154	122	1
154	153	1
154	186	1
154	155	1
155	123	1
155	154	1
155	187	1
155	156	1
156	124	1
156	155	1
156	188	1
156	157	1
157	125	1
157	156	1
157	189	1
157	158	1
158	126	1
158	157	1
158	190	1
158	159	1
159	127	1
159	158	1
159	191	1
160	128	1
160	192	1
160	161	1
161	129	1
161	160	1
161	193	1
161	162	1
162	130	1
162	161	1
162	194	1
162	163	1
163	131	1
163	162	1
163	195	1
163	164	1
164	132	1
164	163	1
164	196	1
164	165	1
165	133	1
165	164	1
165	197	1
165	166	1
166	134	1
166	165	1
166	198	1
166	167	1
167	135	1
167	166	1
167	199	1
167	168	1
168	136	1
168	167	1
168	200	1
168	169	1
169	137	1
169	168	1
169	201	1
169	170	1
170	138	1
170	169	1
170	202	1
170	171	1
171	139	1
171	170	1
171	203	1
171	172	1
172	140	1
172	171	1
172	204	1
172	173	1
173	141	1
173	172	1
173	205	1
173	174	1
174	142	1
174	173	1
174	206	1
174	175	1
175	143	1
175	174	1
175	207	1
175	176	1
176	144	1
176	175	1
176	208	1
176	177	1
177	145	1
177	176	1
177	209	1
177	178	1
178	146	1
178	177	1
178	210	1
178	179	1
179	147	1
179	178	1
179	211	1
179	180	1
180	148	1
180	179	1
180	212	1
180	181	1
181	149	1
181	180	1
181	213	1
181	182	1
182	150	1
182	181	1
182	214	1
182	183	1
183	151	1
183	182	1
183	215	1
183	184	1
184	152	1
184	183	1
184	216	1
184	185	1
185	153	1
185	184	1
185	217	1
185	186	1
186	154	1
186	185	1
186	218	1
186	187	1
187	155	1
187	186	1
187	219	1
187	188	1
188	156	1
188	187	1
188	220	1
188	189	1
189	157	1
189	188	1
189	221	1
189	190	1
190	158	1
190	189	1
190	222	1
190	191	1
191	159	1
191	190	1
191	223	1
192	160	1
192	224	1
192	193	1
193	161	1
193	192	1
193	225	1
193	194	1
194	162	1
194	193	1
194	226	1
194	195	1
195	163	1
195	194	1
195	227	1
195	196	1
196	164	1
196	195	1
196	228	1
196	197	1
197	165	1
197	196	1
197	229	1
197	198	1
198	166	1
198	197	1
198	230	1
198	199	1
199	167	1
199	198	1
199	231	1
199	200	1
200	168	1
200	199	1
200	232	1
200	201	1
201	169	1
201	200	1
201	233	1
201	202	1
202	170	1
202	201	1
202	234	1
202	203	1
203	171	1
203	202	1
203	235	1
203	204	1
204	172	1
204	203	1
204	236	1
204	205	1
205	173	1
205	204	1
205	237	1
205	206	1
206	174	1
206	205	1
206	238	1
206	207	1
207	175	1
207	206	1
207	239	1
207	208	1
208	176	1
208	207	1
208	240	1
208	209	1
209	177	1
209	208	1
209	241	1
209	210	1
210	178	1
210	209	1
210	242	1
210	211	1
211	179	1
211	210	1
211	243	1
211	212	1
212	180	1
212	211	1
212	244	1
212	213	1
213	181	1
213	212	1
213	245	1
213	214	1
214	182	1
214	213	1
214	246	1
214	215	1
215	183	1
215	214	1
215	247	1
215	216	1
216	184	1
216	215	1
216	248	1
216	217	1
217	185	1
217	216	1
217	249	1
217	218	1
218	186	1
218	217	1
218	250	1
218	219	1
219	187	1
219	218	1
219	251	1
219	220	1
220	188	1
220	219	1
220	252	1
220	221	1
221	189	1
221	220	1
221	253	1
221	222	1
222	190	1
222	221	1
222	254	1
222	223	1
223	191	1
223	222	1
223	255	1
224	192	1
224	256	1
224	225	1
225	193	1
225	224	1
225	257	1
225	226	1
226	194	1
226	225	1
226	258	1
226	227	1
227	195	1
227	226	1
227	259	1
227	228	1
228	196	1
228	227	1
228	260	1
228	229	1
229	197	1
229	228	1
229	261	1
229	230	1
230	198	1
230	229	1
230	262	1
230	231	1
231	199	1
231	230	1
231	263	1
231	232	1
232	200	1
232	231	1
232	264	1
232	233	1
233	201	1
233	232	1
233	265	1
233	234	1
234	202	1
234	233	1
234	266	1
234	235	1
235	203	1
235	234	1
235	267	1
235	236	1
236	204	1
236	235	1
236	268	1
236	237	1
237	205	1
237	236	1
237	269	1
237	238	1
238	206	1
238	237	1
238	270	1
238	239	1
239	207	1
239	238	1
239	271	1
239	240	1
240	208	1
240	239	1
240	272	1
240	241	1
241	209	1
241	240	1
241	273	1
241	242	1
242	210	1
242	241	1
242	274	1
242	243	1
243	211	1
243	242	1
243	275	1
243	244	1
244	212	1
244	243	1
244	276	1
244	245	1
245	213	1
245	244	1
245	277	1
245	246	1
246	214	1
246	245	1
246	278	1
246	247	1
247	215	1
247	246	1
247	279	1
247	248	1
248	216	1
248	247	1
248	280	1
248	249	1
249	217	1
249	248	1
249	281	1
249	250	1
250	218	1
250	249	1
250	282	1
250	251	1
251	219	1
251	250	1
251	283	1
251	252	1
252	220	1
252	251	1
252	284	1
252	253	1
253	221	1
253	252	1
253	285	1
253	254	1
254	222	1
254	253	1
254	286	1
254	255	1
255	223	1
255	254	1
255	287	1
256	224	1
256	288	1
256	257	1
257	225	1
257	256	1
257	289	1
257	258	1
258	226	1
258	257	1
258	290	1
258	259	1
259	227	1
259	258	1
259	291	1
259	260	1
260	228	1
260	259	1
260	292	1
260	261	1
261	229	1
261	260	1
261	293	1
261	262	1
262	230	1
262	261	1
262	294	1
262	263	1
263	231	1
263	262	1
263	295	1
263	264	1
264	232	1
264	263	1
264	296	1
264	265	1
265	233	1
265	264	1
265	297	1
265	266	1
266	234	1
266	265	1
266	298	1
266	267	1
267	235	1
267	266	1
267	299	1
267	268	1
268	236	1
268	267	1
268	300	1
268	269	1
269	237	1
269	268	1
269	301	1
269	270	1
270	238	1
270	269	1
270	302	1
270	271	1
271	239	1
271	270	1
271	303	1
271	272	1
272	240	1
272	271	1
272	304	1
272	273	1
273	241	1
273	272	1
273	305	1
273	274	1
274	242	1
274	273	1
274	306	1
274	275	1
275	243	1
275	274	1
275	307	1
275	276	1
276	244	1
276	275	1
276	308	1
276	277	1
277	245	1
277	276	1
277	309	1
277	278	1
278	246	1
278	277	1
278	310	1
278	279	1
279	247	1
279	278	1
279	311	1
279	280	1
280	248	1
280	279	1
280	312	1
280	281	1
281	249	1
281	280	1
281	313	1
281	282	1
282	250	1
282	281	1
282	314	1
282	283	1
283	251	1
283	282	1
283	315	1
283	284	1
284	252	1
284	283	1
284	316	1
284	285	1
285	253	1
285	284	1
285	317	1
285	286	1
286	254	1
286	285	1
286	318	1
286	287	1
287	255	1
287	286	1
287	319	1
288	256	1
288	320	1
288	289	1
289	257	1
289	288	1
289	321	1
289	290	1
290	258	1
290	289	1
290	322	1
290	291	1
291	259	1
291	290	1
291	323	1
291	292	1
292	260	1
292	291	1
292	324	1
292	293	1
293	261	1
293	292	1
293	325	1
293	294	1
294	262	1
294	293	1
294	326	1
294	295	1
295	263	1
295	294	1
295	327	1
295	296	1
296	264	1
296	295	1
296	328	1
296	297	1
297	265	1
297	296	1
297	329	1
297	298	1
298	266	1
298	297	1
298	330	1
298	299	1
299	267	1
299	298	1
299	331	1
299	300	1
300	268	1
300	299	1
300	332	1
300	301	1
301	269	1
301	300	1
301	333	1
301	302	1
302	270	1
302	301	1
302	334	1
302	303	1
303	271	1
303	302	1
303	335	1
303	304	1
304	272	1
304	303	1
304	336	1
304	305	1
305	273	1
305	304	1
305	337	1
305	306	1
306	274	1
306	305	1
306	338	1
306	307	1
307	275	1
307	306	1
307	339	1
307	308	1
308	276	1
308	307	1
308	340	1
308	309	1
309	277	1
309	308	1
309	341	1
309	310	1
310	278	1
310	309	1
310	342	1
310	311	1
311	279	1
311	310	1
311	343	1
311	312	1
312	280	1
312	311	1
312	344	1
312	313	1
313	281	1
313	312	1
313	345	1
313	314	1
314	282	1
314	313	1
314	346	1
314	315	1
315	283	1
315	314	1
315	347	1
315	316	1
316	284	1
316	315	1
316	348	1
316	317	1
317	285	1
317	316	1
317	349	1
317	318	1
318	286	1
318	317	1
318	350	1
318	319	1
319	287	1
319	318	1
319	351	1
320	288	1
320	352	1
320	321	1
321	289	1
321	320	1
321	353	1
321	322	1
322	290	1
322	321	1
322	354	1
322	323	1
323	291	1
323	322	1
323	355	1
323	324	1
324	292	1
324	323	1
324	356	1
324	325	1
325	293	1
325	324	1
325	357	1
325	326	1
326	294	1
326	325	1
326	358	1
326	327	1
327	295	1
327	326	1
327	359	1
327	328	1
328	296	1
328	327	1
328	360	1
328	329	1
329	297	1
329	328	1
329	361	1
329	330	1
330	298	1
330	329	1
330	362	1
330	331	1
331	299	1
331	330	1
331	363	1
331	332	1
332	300	1
332	331	1
332	364	1
332	333	1
333	301	1
333	332	1
333	365	1
333	334	1
334	302	1
334	333	1
334	366	1
334	335	1
335	303	1
335	334	1
335	367	1
335	336	1
336	304	1
336	335	1
336	368	1
336	337	1
337	305	1
337	336	1
337	369	1
337	338	1
338	306	1
338	337	1
338	370	1
338	339	1
339	307	1
339	338	1
339	371	1
339	340	1
340	308	1
340	339	1
340	372	1
340	341	1
341	309	1
341	340	1
341	373	1
341	342	1
342	310	1
342	341	1
342	374	1
342	343	1
343	311	1
343	342	1
343	375	1
343	344	1
344	312	1
344	343	1
344	376	1
344	345	1
345	313	1
345	344	1
345	377	1
345	346	1
346	314	1
346	345	1
346	378	1
346	347	1
347	315	1
347	346	1
347	379	1
347	348	1
348	316	1
348	347	1
348	380	1
348	349	1
349	317	1
349	348	1
349	381	1
349	350	1
350	318	1
350	349	1
350	382	1
350	351	1
351	319	1
351	350	1
351	383	1
352	320	1
352	384	1
352	353	1
353	321	1
353	352	1
353	385	1
353	354	1
354	322	1
354	353	1
354	386	1
354	355	1
355	323	1
355	354	1
355	387	1
355	356	1
356	324	1
356	355	1
356	388	1
356	357	1
357	325	1
357	356	1
357	389	1
357	358	1
358	326	1
358	357	1
358	390	1
358	359	1
359	327	1
359	358	1
359	391	1
359	360	1
360	328	1
360	359	1
360	392	1
360	361	1
361	329	1
361	360	1
361	393	1
361	362	1
362	330	1
362	361	1
362	394	1
362	363	1
363	331	1
363	362	1
363	395	1
363	364	1
364	332	1
364	363	1
364	396	1
364	365	1
365	333	1
365	364	1
365	397	1
365	366	1
366	334	1
366	365	1
366	398	1
366	367	1
367	335	1
367	366	1
367	399	1
367	368	1
368	336	1
368	367	1
368	400	1
368	369	1
369	337	1
369	368	1
369	401	1
369	370	1
370	338	1
370	369	1
370	402	1
370	371	1
371	339	1
371	370	1
371	403	1
371	372	1
372	340	1
372	371	1
372	404	1
372	373	1
373	341	1
373	372	1
373	405	1
373	374	1
374	342	1
374	373	1
374	406	1
374	375	1
375	343	1
375	374	1
375	407	1
375	376	1
376	344	1
376	375	1
376	408	1
376	377	1
377	345	1
377	376	1
377	409	1
377	378	1
378	346	1
378	377	1
378	410	1
378	379	1
379	347	1
379	378	1
379	411	1
379	380	1
380	348	1
380	379	1
380	412	1
380	381	1
381	349	1
381	380	1
381	413	1
381	382	1
382	350	1
382	381	1
382	414	1
382	383	1
383	351	1
383	382	1
383	415	1
384	352	1
384	416	1
384	385	1
385	353	1
385	384	1
385	417	1
385	386	1
386	354	1
386	385	1
386	418	1
386	387	1
387	355	1
387	386	1
387	419	1
387	388	1
388	356	1
388	387	1
388	420	1
388	389	1
389	357	1
389	388	1
389	421	1
389	390	1
390	358	1
390	389	1
390	422	1
390	391	1
391	359	1
391	390	1
391	423	1
391	392	1
392	360	1
392	391	1
392	424	1
392	393	1
393	361	1
393	392	1
393	425	1
393	394	1
394	362	1
394	393	1
394	426	1
394	395	1
395	363	1
395	394	1
395	427	1
395	396	1
396	364	1
396	395	1
396	428	1
396	397	1
397	365	1
397	396	1
397	429	1
397	398	1
398	366	1
398	397	1
398	430	1
398	399	1
399	367	1
399	398	1
399	431	1
399	400	1
400	368	1
400	399	1
400	432	1
400	401	1
401	369	1
401	400	1
401	433	1
401	402	1
402	370	1
402	401	1
402	434	1
402	403	1
403	371	1
403	402	1
403	435	1
403	404	1
404	372	1
404	403	1
404	436	1
404	405	1
405	373	1
405	404	1
405	437	1
405	406	1
406	374	1
406	405	1
406	438	1
406	407	1
407	375	1
407	406	1
407	439	1
407	408	1
408	376	1
408	407	1
408	440	1
408	409	1
409	377	1
409	408	1
409	441	1
409	410	1
410	378	1
410	409	1
410	442	1
410	411	1
411	379	1
411	410	1
411	443	1
411	412	1
412	380	1
412	411	1
412	444	1
412	413	1
413	381	1
413	412	1
413	445	1
413	414	1
414	382	1
414	413	1
414	446	1
414	415	1
415	383	1
415	414	1
415	447	1
416	384	1
416	448	1
416	417	1
417	385	1
417	416	1
417	449	1
417	418	1
418	386	1
418	417	1
418	450	1
418	419	1
419	387	1
419	418	1
419	451	1
419	420	1
420	388	1
420	419	1
420	452	1
420	421	1
421	389	1
421	420	1
421	453	1
421	422	1
422	390	1
422	421	1
422	454	1
422	423	1
423	391	1
423	422	1
423	455	1
423	424	1
424	392	1
424	423	1
424	456	1
424	425	1
425	393	1
425	424	1
425	457	1
425	426	1
426	394	1
426	425	1
426	458	1
426	427	1
427	395	1
427	426	1
427	459	1
427	428	1
428	396	1
428	427	1
428	460	1
428	429	1
429	397	1
429	428	1
429	461	1
429	430	1
430	398	1
430	429	1
430	462	1
430	431	1
431	399	1
431	430	1
431	463	1
431	432	1
432	400	1
432	431	1
432	464	1
432	433	1
433	401	1
433	432	1
433	465	1
433	434	1
434	402	1
434	433	1
434	466	1
434	435	1
435	403	1
435	434	1
435	467	1
435	436	1
436	404	1
436	435	1
436	468	1
436	437	1
437	405	1
437	436	1
437	469	1
437	438	1
438	406	1
438	437	1
438	470	1
438	439	1
439	407	1
439	438	1
439	471	1
439	440	1
440	408	1
440	439	1
440	472	1
440	441	1
441	409	1
441	440	1
441	473	1
441	442	1
442	410	1
442	441	1
442	474	1
442	443	1
443	411	1
443	442	1
443	475	1
443	444	1
444	412	1
444	443	1
444	476	1
444	445	1
445	413	1
445	444	1
445	477	1
445	446	1
446	414	1
446	445	1
446	478	1
446	447	1
447	415	1
447	446	1
447	479	1
448	416	1
448	480	1
448	449	1
449	417	1
449	448	1
449	481	1
449	450	1
450	418	1
450	449	1
450	482	1
450	451	1
451	419	1
451	450	1
451	483	1
451	452	1
452	420	1
452	451	1
452	484	1
452	453	1
453	421	1
453	452	1
453	485	1
453	454	1
454	422	1
454	453	1
454	486	1
454	455	1
455	423	1
455	454	1
455	487	1
455	456	1
456	424	1
456	455	1
456	488	1
456	457	1
457	425	1
457	456	1
457	489	1
457	458	1
458	426	1
458	457	1
458	490	1
458	459	1
459	427	1
459	458	1
459	491	1
459	460	1
460	428	1
460	459	1
460	492	1
460	461	1
461	429	1
461	460	1
461	493	1
461	462	1
462	430	1
462	461	1
462	494	1
462	463	1
463	431	1
463	462	1
463	495	1
463	464	1
464	432	1
464	463	1
464	496	1
464	465	1
465	433	1
465	464	1
465	497	1
465	466	1
466	434	1
466	465	1
466	498	1
466	467	1
467	435	1
467	466	1
467	499	1
467	468	1
468	436	1
468	467	1
468	500	1
468	469	1
469	437	1
469	468	1
469	501	1
469	470	1
470	438	1
470	469	1
470	502	1
470	471	1
471	439	1
471	470	1
471	503	1
471	472	1
472	440	1
472	471	1
472	504	1
472	473	1
473	441	1
473	472	1
473	505	1
473	474	1
474	442	1
474	473	1
474	506	1
474	475	1
475	443	1
475	474	1
475	507	1
475	476	1
476	444	1
476	475	1
476	508	1
476	477	1
477	445	1
477	476	1
477	509	1
477	478	1
478	446	1
478	477	1
478	510	1
478	479	1
479	447	1
479	478	1
479	511	1
480	448	1
480	512	1
480	481	1
481	449	1
481	480	1
481	513	1
481	482	1
482	450	1
482	481	1
482	514	1
482	483	1
483	451	1
483	482	1
483	515	1
483	484	1
484	452	1
484	483	1
484	516	1
484	485	1
485	453	1
485	484	1
485	517	1
485	486	1
486	454	1
486	485	1
486	518	1
486	487	1
487	455	1
487	486	1
487	519	1
487	488	1
488	456	1
488	487	1
488	520	1
488	489	1
489	457	1
489	488	1
489	521	1
489	490	1
490	458	1
490	489	1
490	522	1
490	491	1
491	459	1
491	490	1
491	523	1
491	492	1
492	460	1
492	491	1
492	524	1
492	493	1
493	461	1
493	492	1
493	525	1
493	494	1
494	462	1
494	493	1
494	526	1
494	495	1
495	463	1
495	494	1
495	527	1
495	496	1
496	464	1
496	495	1
496	528	1
496	497	1
497	465	1
497	496	1
497	529	1
497	498	1
498	466	1
498	497	1
498	530	1
498	499	1
499	467	1
499	498	1
499	531	1
499	500	1
500	468	1
500	499	1
500	532	1
500	501	1
501	469	1
501	500	1
501	533	1
501	502	1
502	470	1
502	501	1
502	534	1
502	503	1
503	471	1
503	502	1
503	535	1
503	504	1
504	472	1
504	503	1
504	536	1
504	505	1
505	473	1
505	504	1
505	537	1
505	506	1
506	474	1
506	505	1
506	538	1
506	507	1
507	475	1
507	506	1
507	539	1
507	508	1
508	476	1
508	507	1
508	540	1
508	509	1
509	477	1
509	508	1
509	541	1
509	510	1
510	478	1
510	509	1
510	542	1
510	511	1
511	479	1
511	510	1
511	543	1
512	480	1
512	544	1
512	513	1
513	481	1
513	512	1
513	545	1
513	514	1
514	482	1
514	513	1
514	546	1
514	515	1
515	483	1
515	514	1
515	547	1
515	516	1
516	484	1
516	515	1
516	548	1
516	517	1
517	485	1
517	516	1
517	549	1
517	518	1
518	486	1
518	517	1
518	550	1
518	519	1
519	487	1
519	518	1
519	551	1
519	520	1
520	488	1
520	519	1
520	552	1
520	521	1
521	489	1
521	520	1
521	553	1
521	522	1
522	490	1
522	521	1
522	554	1
522	523	1
523	491	1
523	522	1
523	555	1
523	524	1
524	492	1
524	523	1
524	556	1
524	525	1
525	493	1
525	524	1
525	557	1
525	526	1
526	494	1
526	525	1
526	558	1
526	527	1
527	495	1
527	526	1
527	559	1
527	528	1
528	496	1
528	527	1
528	560	1
528	529	1
529	497	1
529	528	1
529	561	1
529	530	1
530	498	1
530	529	1
530	562	1
530	531	1
531	499	1
531	530	1
531	563	1
531	532	1
532	500	1
532	531	1
532	564	1
532	533	1
533	501	1
533	532	1
533	565	1
533	534	1
534	502	1
534	533	1
534	566	1
534	535	1
535	503	1
535	534	1
535	567	1
535	536	1
536	504	1
536	535	1
536	568	1
536	537	1
537	505	1
537	536	1
537	569	1
537	538	1
538	506	1
538	537	1
538	570	1
538	539	1
539	507	1
539	538	1
539	571	1
539	540	1
540	508	1
540	539	1
540	572	1
540	541	1
541	509	1
541	540	1
541	573	1
541	542	1
542	510	1
542	541	1
542	574	1
542	543	1
543	511	1
543	542	1
543	575	1
544	512	1
544	576	1
544	545	1
545	513	1
545	544	1
545	577	1
545	546	1
546	514	1
546	545	1
546	578	1
546	547	1
547	515	1
547	546	1
547	579	1
547	548	1
548	516	1
548	547	1
548	580	1
548	549	1
549	517	1
549	548	1
549	581	1
549	550	1
550	518	1
550	549	1
550	582	1
550	551	1
551	519	1
551	550	1
551	583	1
551	552	1
552	520	1
552	551	1
552	584	1
552	553	1
553	521	1
553	552	1
553	585	1
553	554	1
554	522	1
554	553	1
554	586	1
554	555	1
555	523	1
555	554	1
555	587	1
555	556	1
556	524	1
556	555	1
556	588	1
556	557	1
557	525	1
557	556	1
557	589	1
557	558	1
558	526	1
558	557	1
558	590	1
558	559	1
559	527	1
559	558	1
559	591	1
559	560	1
560	528	1
560	559	1
560	592	1
560	561	1
561	529	1
561	560	1
561	593	1
561	562	1
562	530	1
562	561	1
562	594	1
562	563	1
563	531	1
563	562	1
563	595	1
563	564	1
564	532	1
564	563	1
564	596	1
564	565	1
565	533	1
565	564	1
565	597	1
565	566	1
566	534	1
566	565	1
566	598	1
566	567	1
567	535	1
567	566	1
567	599	1
567	568	1
568	536	1
568	567	1
568	600	1
568	569	1
569	537	1
569	568	1
569	601	1
569	570	1
570	538	1
570	569	1
570	602	1
570	571	1
571	539	1
571	570	1
571	603	1
571	572	1
572	540	1
572	571	1
572	604	1
572	573	1
573	541	1
573	572	1
573	605	1
573	574	1
574	542	1
574	573	1
574	606	1
574	575	1
575	543	1
575	574	1
575	607	1
576	544	1
576	608	1
576	577	1
577	545	1
577	576	1
577	609	1
577	578	1
578	546	1
578	577	1
578	610	1
578	579	1
579	547	1
579	578	1
579	611	1
579	580	1
580	548	1
580	579	1
580	612	1
580	581	1
581	549	1
581	580	1
581	613	1
581	582	1
582	550	1
582	581	1
582	614	1
582	583	1
583	551	1
583	582	1
583	615	1
583	584	1
584	552	1
584	583	1
584	616	1
584	585	1
585	553	1
585	584	1
585	617	1
585	586	1
586	554	1
586	585	1
586	618	1
586	587	1
587	555	1
587	586	1
587	619	1
587	588	1
588	556	1
588	587	1
588	620	1
588	589	1
589	557	1
589	588	1
589	621	1
589	590	1
590	558	1
590	589	1
590	622	1
590	591	1
591	559	1
591	590	1
591	623	1
591	592	1
592	560	1
592	591	1
592	624	1
592	593	1
593	561	1
593	592	1
593	625	1
593	594	1
594	562	1
594	593	1
594	626	1
594	595	1
595	563	1
595	594	1
595	627	1
595	596	1
596	564	1
596	595	1
596	628	1
596	597	1
597	565	1
597	596	1
597	629	1
597	598	1
598	566	1
598	597	1
598	630	1
598	599	1
599	567	1
599	598	1
599	631	1
599	600	1
600	568	1
600	599	1
600	632	1
600	601	1
601	569	1
601	600	1
601	633	1
601	602	1
602	570	1
602	601	1
602	634	1
602	603	1
603	571	1
603	602	1
603	635	1
603	604	1
604	572	1
604	603	1
604	636	1
604	605	1
605	573	1
605	604	1
605	637	1
605	606	1
606	574	1
606	605	1
606	638	1
606	607	1
607	575	1
607	606	1
607	639	1
608	576	1
608	640	1
608	609	1
609	577	1
609	608	1
609	641	1
609	610	1
610	578	1
610	609	1
610	642	1
610	611	1
611	579	1
611	610	1
611	643	1
611	612	1
612	580	1
612	611	1
612	644	1
612	613	1
613	581	1
613	612	1
613	645	1
613	614	1
614	582	1
614	613	1
614	646	1
614	615	1
615	583	1
615	614	1
615	647	1
615	616	1
616	584	1
616	615	1
616	648	1
616	617	1
617	585	1
617	616	1
617	649	1
617	618	1
618	586	1
618	617	1
618	650	1
618	619	1
619	587	1
619	618	1
619	651	1
619	620	1
620	588	1
620	619	1
620	652	1
620	621	1
621	589	1
621	620	1
621	653	1
621	622	1
622	590	1
622	621	1
622	654	1
622	623	1
623	591	1
623	622	1
623	655	1
623	624	1
624	592	1
624	623	1
624	656	1
624	625	1
625	593	1
625	624	1
625	657	1
625	626	1
626	594	1
626	625	1
626	658	1
626	627	1
627	595	1
627	626	1
627	659	1
627	628	1
628	596	1
628	627	1
628	660	1
628	629	1
629	597	1
629	628	1
629	661	1
629	630	1
630	598	1
630	629	1
630	662	1
630	631	1
631	599	1
631	630	1
631	663	1
631	632	1
632	600	1
632	631	1
632	664	1
632	633	1
633	601	1
633	632	1
633	665	1
633	634	1
634	602	1
634	633	1
634	666	1
634	635	1
635	603	1
635	634	1
635	667	1
635	636	1
636	604	1
636	635	1
636	668	1
636	637	1
637	605	1
637	636	1
637	669	1
637	638	1
638	606	1
638	637	1
638	670	1
638	639	1
639	607	1
639	638	1
639	671	1
640	608	1
640	672	1
640	641	1
641	609	1
641	640	1
641	673	1
641	642	1
642	610	1
642	641	1
642	674	1
642	643	1
643	611	1
643	642	1
643	675	1
643	644	1
644	612	1
644	643	1
644	676	1
644	645	1
645	613	1
645	644	1
645	677	1
645	646	1
646	614	1
646	645	1
646	678	1
646	647	1
647	615	1
647	646	1
647	679	1
647	648	1
648	616	1
648	647	1
648	680	1
648	649	1
649	617	1
649	648	1
649	681	1
649	650	1
650	618	1
650	649	1
650	682	1
650	651	1
651	619	1
651	650	1
651	683	1
651	652	1
652	620	1
652	651	1
652	684	1
652	653	1
653	621	1
653	652	1
653	685	1
653	654	1
654	622	1
654	653	1
654	686	1
654	655	1
655	623	1
655	654	1
655	687	1
655	656	1
656	624	1
656	655	1
656	688	1
656	657	1
657	625	1
657	656	1
657	689	1
657	658	1
658	626	1
658	657	1
658	690	1
658	659	1
659	627	1
659	658	1
659	691	1
659	660	1
660	628	1
660	659	1
660	692	1
660	661	1
661	629	1
661	660	1
661	693	1
661	662	1
662	630	1
662	661	1
662	694	1
662	663	1
663	631	1
663	662	1
663	695	1
663	664	1
664	632	1
664	663	1
664	696	1
664	665	1
665	633	1
665	664	1
665	697	1
665	666	1
666	634	1
666	665	1
666	698	1
666	667	1
667	635	1
667	666	1
667	699	1
667	668	1
668	636	1
668	667	1
668	700	1
668	669	1
669	637	1
669	668	1
669	701	1
669	670	1
670	638	1
670	669	1
670	702	1
670	671	1
671	639	1
671	670	1
671	703	1
672	640	1
672	704	1
672	673	1
673	641	1
673	672	1
673	705	1
673	674	1
674	642	1
674	673	1
674	706	1
674	675	1
675	643	1
675	674	1
675	707	1
675	676	1
676	644	1
676	675	1
676	708	1
676	677	1
677	645	1
677	676	1
677	709	1
677	678	1
678	646	1
678	677	1
678	710	1
678	679	1
679	647	1
679	678	1
679	711	1
679	680	1
680	648	1
680	679	1
680	712	1
680	681	1
681	649	1
681	680	1
681	713	1
681	682	1
682	650	1
682	681	1
682	714	1
682	683	1
683	651	1
683	682	1
683	715	1
683	684	1
684	652	1
684	683	1
684	716	1
684	685	1
685	653	1
685	684	1
685	717	1
685	686	1
686	654	1
686	685	1
686	718	1
686	687	1
687	655	1
687	686	1
687	719	1
687	688	1
688	656	1
688	687	1
688	720	1
688	689	1
689	657	1
689	688	1
689	721	1
689	690	1
690	658	1
690	689	1
690	722	1
690	691	1
691	659	1
691	690	1
691	723	1
691	692	1
692	660	1
692	691	1
692	724	1
692	693	1
693	661	1
693	692	1
693	725	1
693	694	1
694	662	1
694	693	1
694	726	1
694	695	1
695	663	1
695	694	1
695	727	1
695	696	1
696	664	1
696	695	1
696	728	1
696	697	1
697	665	1
697	696	1
697	729	1
697	698	1
698	666	1
698	697	1
698	730	1
698	699	1
699	667	1
699	698	1
699	731	1
699	700	1
700	668	1
700	699	1
700	732	1
700	701	1
701	669	1
701	700	1
701	733	1
701	702	1
702	670	1
702	701	1
702	734	1
702	703	1
703	671	1
703	702	1
703	735	1
704	672	1
704	736	1
704	705	1
705	673	1
705	704	1
705	737	1
705	706	1
706	674	1
706	705	1
706	738	1
706	707	1
707	675	1
707	706	1
707	739	1
707	708	1
708	676	1
708	707	1
708	740	1
708	709	1
709	677	1
709	708	1
709	741	1
709	710	1
710	678	1
710	709	1
710	742	1
710	711	1
711	679	1
711	710	1
711	743	1
711	712	1
712	680	1
712	711	1
712	744	1
712	713	1
713	681	1
713	712	1
713	745	1
713	714	1
714	682	1
714	713	1
714	746	1
714	715	1
715	683	1
715	714	1
715	747	1
715	716	1
716	684	1
716	715	1
716	748	1
716	717	1
717	685	1
717	716	1
717	749	1
717	718	1
718	686	1
718	717	1
718	750	1
718	719	1
719	687	1
719	718	1
719	751	1
719	720	1
720	688	1
720	719	1
720	752	1
720	721	1
721	689	1
721	720	1
721	753	1
721	722	1
722	690	1
722	721	1
722	754	1
722	723	1
723	691	1
723	722	1
723	755	1
723	724	1
724	692	1
724	723	1
724	756	1
724	725	1
725	693	1
725	724	1
725	757	1
725	726	1
726	694	1
726	725	1
726	758	1
726	727	1
727	695	1
727	726	1
727	759	1
727	728	1
728	696	1
728	727	1
728	760	1
728	729	1
729	697	1
729	728	1
729	761	1
729	730	1
730	698	1
730	729	1
730	762	1
730	731	1
731	699	1
731	730	1
731	763	1
731	732	1
732	700	1
732	731	1
732	764	1
732	733	1
733	701	1
733	732	1
733	765	1
733	734	1
734	702	1
734	733	1
734	766	1
734	735	1
735	703	1
735	734	1
735	767	1
736	704	1
736	768	1
736	737	1
737	705	1
737	736	1
737	769	1
737	738	1
738	706	1
738	737	1
738	770	1
738	739	1
739	707	1
739	738	1
739	771	1
739	740	1
740	708	1
740	739	1
740	772	1
740	741	1
741	709	1
741	740	1
741	773	1
741	742	1
742	710	1
742	741	1
742	774	1
742	743	1
743	711	1
743	742	1
743	775	1
743	744	1
744	712	1
744	743	1
744	776	1
744	745	1
745	713	1
745	744	1
745	777	1
745	746	1
746	714	1
746	745	1
746	778	1
746	747	1
747	715	1
747	746	1
747	779	1
747	748	1
748	716	1
748	747	1
748	780	1
748	749	1
749	717	1
749	748	1
749	781	1
749	750	1
750	718	1
750	749	1
750	782	1
750	751	1
751	719	1
751	750	1
751	783	1
751	752	1
752	720	1
752	751	1
752	784	1
752	753	1
753	721	1
753	752	1
753	785	1
753	754	1
754	722	1
754	753	1
754	786	1
754	755	1
755	723	1
755	754	1
755	787	1
755	756	1
756	724	1
756	755	1
756	788	1
756	757	1
757	725	1
757	756	1
757	789	1
757	758	1
758	726	1
758	757	1
758	790	1
758	759	1
759	727	1
759	758	1
759	791	1
759	760	1
760	728	1
760	759	1
760	792	1
760	761	1
761	729	1
761	760	1
761	793	1
761	762	1
762	730	1
762	761	1
762	794	1
762	763	1
763	731	1
763	762	1
763	795	1
763	764	1
764	732	1
764	763	1
764	796	1
764	765	1
765	733	1
765	764	1
765	797	1
765	766	1
766	734	1
766	765	1
766	798	1
766	767	1
767	735	1
767	766	1
767	799	1
768	736	1
768	800	1
768	769	1
769	737	1
769	768	1
769	801	1
769	770	1
770	738	1
770	769	1
770	802	1
770	771	1
771	739	1
771	770	1
771	803	1
771	772	1
772	740	1
772	771	1
772	804	1
772	773	1
773	741	1
773	772	1
773	805	1
773	774	1
774	742	1
774	773	1
774	806	1
774	775	1
775	743	1
775	774	1
775	807	1
775	776	1
776	744	1
776	775	1
776	808	1
776	777	1
777	745	1
777	776	1
777	809	1
777	778	1
778	746	1
778	777	1
778	810	1
778	779	1
779	747	1
779	778	1
779	811	1
779	780	1
780	748	1
780	779	1
780	812	1
780	781	1
781	749	1
781	780	1
781	813	1
781	782	1
782	750	1
782	781	1
782	814	1
782	783	1
783	751	1
783	782	1
783	815	1
783	784	1
784	752	1
784	783	1
784	816	1
784	785	1
785	753	1
785	784	1
785	817	1
785	786	1
786	754	1
786	785	1
786	818	1
786	787	1
787	755	1
787	786	1
787	819	1
787	788	1
788	756	1
788	787	1
788	820	1
788	789	1
789	757	1
789	788	1
789	821	1
789	790	1
790	758	1
790	789	1
790	822	1
790	791	1
791	759	1
791	790	1
791	823	1
791	792	1
792	760	1
792	791	1
792	824	1
792	793	1
793	761	1
793	792	1
793	825	1
793	794	1
794	762	1
794	793	1
794	826	1
794	795	1
795	763	1
795	794	1
795	827	1
795	796	1
796	764	1
796	795	1
796	828	1
796	797	1
797	765	1
797	796	1
797	829	1
797	798	1
798	766	1
798	797	1
798	830	1
798	799	1
799	767	1
799	798	1
799	831	1
800	768	1
800	832	1
800	801	1
801	769	1
801	800	1
801	833	1
801	802	1
802	770	1
802	801	1
802	834	1
802	803	1
803	771	1
803	802	1
803	835	1
803	804	1
804	772	1
804	803	1
804	836	1
804	805	1
805	773	1
805	804	1
805	837	1
805	806	1
806	774	1
806	805	1
806	838	1
806	807	1
807	775	1
807	806	1
807	839	1
807	808	1
808	776	1
808	807	1
808	840	1
808	809	1
809	777	1
809	808	1
809	841	1
809	810	1
810	778	1
810	809	1
810	842	1
810	811	1
811	779	1
811	810	1
811	843	1
811	812	1
812	780	1
812	811	1
812	844	1
812	813	1
813	781	1
813	812	1
813	845	1
813	814	1
814	782	1
814	813	1
814	846	1
814	815	1
815	783	1
815	814	1
815	847	1
815	816	1
816	784	1
816	815	1
816	848	1
816	817	1
817	785	1
817	816	1
817	849	1
817	818	1
818	786	1
818	817	1
818	850	1
818	819	1
819	787	1
819	818	1
819	851	1
819	820	1
820	788	1
820	819	1
820	852	1
820	821	1
821	789	1
821	820	1
821	853	1
821	822	1
822	790	1
822	821	1
822	854	1
822	823	1
823	791	1
823	822	1
823	855	1
823	824	1
824	792	1
824	823	1
824	856	1
824	825	1
825	793	1
825	824	1
825	857	1
825	826	1
826	794	1
826	825	1
826	858	1
826	827	1
827	795	1
827	826	1
827	859	1
827	828	1
828	796	1
828	827	1
828	860	1
828	829	1
829	797	1
829	828	1
829	861	1
829	830	1
830	798	1
830	829	1
830	862	1
830	831	1
831	799	1
831	830	1
831	863	1
832	800	1
832	864	1
832	833	1
833	801	1
833	832	1
833	865	1
833	834	1
834	802	1
834	833	1
834	866	1
834	835	1
835	803	1
835	834	1
835	867	1
835	836	1
836	804	1
836	835	1
836	868	1
836	837	1
837	805	1
837	836	1
837	869	1
837	838	1
838	806	1
838	837	1
838	870	1
838	839	1
839	807	1
839	838	1
839	871	1
839	840	1
840	808	1
840	839	1
840	872	1
840	841	1
841	809	1
841	840	1
841	873	1
841	842	1
842	810	1
842	841	1
842	874	1
842	843	1
843	811	1
843	842	1
843	875	1
843	844	1
844	812	1
844	843	1
844	876	1
844	845	1
845	813	1
845	844	1
845	877	1
845	846	1
846	814	1
846	845	1
846	878	1
846	847	1
847	815	1
847	846	1
847	879	1
847	848	1
848	816	1
848	847	1
848	880	1
848	849	1
849	817	1
849	848	1
849	881	1
849	850	1
850	818	1
850	849	1
850	882	1
850	851	1
851	819	1
851	850	1
851	883	1
851	852	1
852	820	1
852	851	1
852	884	1
852	853	1
853	821	1
853	852	1
853	885	1
853	854	1
854	822	1
854	853	1
854	886	1
854	855	1
855	823	1
855	854	1
855	887	1
855	856	1
856	824	1
856	855	1
856	888	1
856	857	1
857	825	1
857	856	1
857	889	1
857	858	1
858	826	1
858	857	1
858	890	1
858	859	1
859	827	1
859	858	1
859	891	1
859	860	1
860	828	1
860	859	1
860	892	1
860	861	1
861	829	1
861	860	1
861	893	1
861	862	1
862	830	1
862	861	1
862	894	1
862	863	1
863	831	1
863	862	1
863	895	1
864	832	1
864	896	1
864	865	1
865	833	1
865	864	1
865	897	1
865	866	1
866	834	1
866	865	1
866	898	1
866	867	1
867	835	1
867	866	1
867	899	1
867	868	1
868	836	1
868	867	1
868	900	1
868	869	1
869	837	1
869	868	1
869	901	1
869	870	1
870	838	1
870	869	1
870	902	1
870	871	1
871	839	1
871	870	1
871	903	1
871	872	1
872	840	1
872	871	1
872	904	1
872	873	1
873	841	1
873	872	1
873	905	1
873	874	1
874	842	1
874	873	1
874	906	1
874	875	1
875	843	1
875	874	1
875	907	1
875	876	1
876	844	1
876	875	1
876	908	1
876	877	1
877	845	1
877	876	1
877	909	1
877	878	1
878	846	1
878	877	1
878	910	1
878	879	1
879	847	1
879	878	1
879	911	1
879	880	1
880	848	1
880	879	1
880	912	1
880	881	1
881	849	1
881	880	1
881	913	1
881	882	1
882	850	1
882	881	1
882	914	1
882	883	1
883	851	1
883	882	1
883	915	1
883	884	1
884	852	1
884	883	1
884	916	1
884	885	1
885	853	1
885	884	1
885	917	1
885	886	1
886	854	1
886	885	1
886	918	1
886	887	1
887	855	1
887	886	1
887	919	1
887	888	1
888	856	1
888	887	1
888	920	1
888	889	1
889	857	1
889	888	1
889	921	1
889	890	1
890	858	1
890	889	1
890	922	1
890	891	1
891	859	1
891	890	1
891	923	1
891	892	1
892	860	1
892	891	1
892	924	1
892	893	1
893	861	1
893	892	1
893	925	1
893	894	1
894	862	1
894	893	1
894	926	1
894	895	1
895	863	1
895	894	1
895	927	1
896	864	1
896	928	1
896	897	1
897	865	1
897	896	1
897	929	1
897	898	1
898	866	1
898	897	1
898	930	1
898	899	1
899	867	1
899	898	1
899	931	1
899	900	1
900	868	1
900	899	1
900	932	1
900	901	1
901	869	1
901	900	1
901	933	1
901	902	1
902	870	1
902	901	1
902	934	1
902	903	1
903	871	1
903	902	1
903	935	1
903	904	1
904	872	1
904	903	1
904	936	1
904	905	1
905	873	1
905	904	1
905	937	1
905	906	1
906	874	1
906	905	1
906	938	1
906	907	1
907	875	1
907	906	1
907	939	1
907	908	1
908	876	1
908	907	1
908	940	1
908	909	1
909	877	1
909	908	1
909	941	1
909	910	1
910	878	1
910	909	1
910	942	1
910	911	1
911	879	1
911	910	1
911	943	1
911	912	1
912	880	1
912	911	1
912	944	1
912	913	1
913	881	1
913	912	1
913	945	1
913	914	1
914	882	1
914	913	1
914	946	1
914	915	1
915	883	1
915	914	1
915	947	1
915	916	1
916	884	1
916	915	1
916	948	1
916	917	1
917	885	1
917	916	1
917	949	1
917	918	1
918	886	1
918	917	1
918	950	1
918	919	1
919	887	1
919	918	1
919	951	1
919	920	1
920	888	1
920	919	1
920	952	1
920	921	1
921	889	1
921	920	1
921	953	1
921	922	1
922	890	1
922	921	1
922	954	1
922	923	1
923	891	1
923	922	1
923	955	1
923	924	1
924	892	1
924	923	1
924	956	1
924	925	1
925	893	1
925	924	1
925	957	1
925	926	1
926	894	1
926	925	1
926	958	1
926	927	1
927	895	1
927	926	1
927	959	1
928	896	1
928	960	1
928	929	1
929	897	1
929	928	1
929	961	1
929	930	1
930	898	1
930	929	1
930	962	1
930	931	1
931	899	1
931	930	1
931	963	1
931	932	1
932	900	1
932	931	1
932	964	1
932	933	1
933	901	1
933	932	1
933	965	1
933	934	1
934	902	1
934	933	1
934	966	1
934	935	1
935	903	1
935	934	1
935	967	1
935	936	1
936	904	1
936	935	1
936	968	1
936	937	1
937	905	1
937	936	1
937	969	1
937	938	1
938	906	1
938	937	1
938	970	1
938	939	1
939	907	1
939	938	1
939	971	1
939	940	1
940	908	1
940	939	1
940	972	1
940	941	1
941	909	1
941	940	1
941	973	1
941	942	1
942	910	1
942	941	1
942	974	1
942	943	1
943	911	1
943	942	1
943	975	1
943	944	1
944	912	1
944	943	1
944	976	1
944	945	1
945	913	1
945	944	1
945	977	1
945	946	1
946	914	1
946	945	1
946	978	1
946	947	1
947	915	1
947	946	1
947	979	1
947	948	1
948	916	1
948	947	1
948	980	1
948	949	1
949	917	1
949	948	1
949	981	1
949	950	1
950	918	1
950	949	1
950	982	1
950	951	1
951	919	1
951	950	1
951	983	1
951	952	1
952	920	1
952	951	1
952	984	1
952	953	1
953	921	1
953	952	1
953	985	1
953	954	1
954	922	1
954	953	1
954	986	1
954	955	1
955	923	1
955	954	1
955	987	1
955	956	1
956	924	1
956	955	1
956	988	1
956	957	1
957	925	1
957	956	1
957	989	1
957	958	1
958	926	1
958	957	1
958	990	1
958	959	1
959	927	1
959	958	1
959	991	1
960	928	1
960	992	1
960	961	1
961	929	1
961	960	1
961	993	1
961	962	1
962	930	1
962	961	1
962	994	1
962	963	1
963	931	1
963	962	1
963	995	1
963	964	1
964	932	1
964	963	1
964	996	1
964	965	1
965	933	1
965	964	1
965	997	1
965	966	1
966	934	1
966	965	1
966	998	1
966	967	1
967	935	1
967	966	1
967	999	1
967	968	1
968	936	1
968	967	1
968	1000	1
968	969	1
969	937	1
969	968	1
969	1001	1
969	970	1
970	938	1
970	969	1
970	1002	1
970	971	1
971	939	1
971	970	1
971	1003	1
971	972	1
972	940	1
972	971	1
972	1004	1
972	973	1
973	941	1
973	972	1
973	1005	1
973	974	1
974	942	1
974	973	1
974	1006	1
974	975	1
975	943	1
975	974	1
975	1007	1
975	976	1
976	944	1
976	975	1
976	1008	1
976	977	1
977	945	1
977	976	1
977	1009	1
977	978	1
978	946	1
978	977	1
978	1010	1
978	979	1
979	947	1
979	978	1
979	1011	1
979	980	1
980	948	1
980	979	1
980	1012	1
980	981	1
981	949	1
981	980	1
981	1013	1
981	982	1
982	950	1
982	981	1
982	1014	1
982	983	1
983	951	1
983	982	1
983	1015	1
983	984	1
984	952	1
984	983	1
984	1016	1
984	985	1
985	953	1
985	984	1
985	1017	1
985	986	1
986	954	1
986	985	1
986	1018	1
986	987	1
987	955	1
987	986	1
987	1019	1
987	988	1
988	956	1
988	987	1
988	1020	1
988	989	1
989	957	1
989	988	1
989	1021	1
989	990	1
990	958	1
990	989	1
990	1022	1
990	991	1
991	959	1
991	990	1
991	1023	1
992	960	1
992	993	1
993	961	1
993	992	1
993	994	1
994	962	1
994	993	1
994	995	1
995	963	1
995	994	1
995	996	1
996	964	1
996	995	1
996	997	1
997	965	1
997	996	1
997	998	1
998	966	1
998	997	1
998	999	1
999	967	1
999	998	1
999	1000	1
1000	968	1
1000	999	1
1000	1001	1
1001	969	1
1001	1000	1
1001	1002	1
1002	970	1
1002	1001	1
1002	1003	1
1003	971	1
1003	1002	1
1003	1004	1
1004	972	1
1004	1003	1
1004	1005	1
1005	973	1
1005	1004	1
1005	1006	1
1006	974	1
1006	1005	1
1006	1007	1
1007	975	1
1007	1006	1
1007	1008	1
1008	976	1
1008	1007	1
1008	1009	1
1009	977	1
1009	1008	1
1009	1010	1
1010	978	1
1010	1009	1
1010	1011	1
1011	979	1
1011	1010	1
1011	1012	1
1012	980	1
1012	1011	1
1012	1013	1
1013	981	1
1013	1012	1
1013	1014	1
1014	982	1
1014	1013	1
1014	1015	1
1015	983	1
1015	1014	1
1015	1016	1
1016	984	1
1016	1015	1
1016	1017	1
1017	985	1
1017	1016	1
1017	1018	1
1018	986	1
1018	1017	1
1018	1019	1
1019	987	1
1019	1018	1
1019	1020	1
1020	988	1
1020	1019	1
1020	1021	1
1021	989	1
1021	1020	1
1021	1022	1
1022	990	1
1022	1021	1
1022	1023	1
1023	991	1
1023	1022	1
