0	0
1	0
2	0
3	0
4	0
5	0
6	0
7	0
8	0
9	0
10	0
11	0
12	0
13	0
14	0
15	0
16	0
17	0
18	0
19	0
20	0
21	0
22	0
23	0
24	0
25	0
26	0
27	0
28	1
29	1
30	1
31	1
32	0
33	0
34	0
35	0
36	0
37	0
38	0
39	0
40	0
41	0
42	0
43	0
44	0
45	0
46	0
47	0
48	0
49	0
50	0
51	0
52	0
53	0
54	0
55	0
56	0
57	0
58	0
59	0
60	0
61	0
62	0
63	0
64	0
65	0
66	0
67	0
68	0
69	0
70	0
71	0
72	0
73	0
74	0
75	0
76	0
77	0
78	0
79	0
80	0
81	0
82	0
83	0
84	0
85	0
86	0
87	0
88	0
89	0
90	0
91	0
92	0
93	0
94	0
95	0
96	0
97	0
98	0
99	0
100	0
101	0
102	0
103	0
104	0
105	0
106	0
107	0
108	0
109	0
110	0
111	0
112	0
113	0
114	0
115	0
116	0
117	0
118	0
119	0
120	0
121	0
122	0
123	0
124	0
125	0
126	0
127	0
128	0
129	0
130	0
131	0
132	0
133	0
134	0
135	0
136	0
137	0
138	0
139	0
140	0
141	0
142	0
143	0
144	0
145	0
146	0
147	0
148	0
149	0
150	0
151	0
152	0
153	0
154	0
155	0
156	0
157	0
158	0
159	1
160	0
161	0
162	0
163	0
164	0
165	0
166	0
167	0
168	0
169	0
170	0
171	0
172	0
173	0
174	0
175	0
176	0
177	0
178	0
179	0
180	0
181	0
182	0
183	0
184	0
185	0
186	0
187	1
188	1
189	1
190	1
191	1
192	0
193	0
194	0
195	0
196	0
197	0
198	0
199	0
200	0
201	0
202	0
203	0
204	0
205	0
206	0
207	0
208	0
209	0
210	0
211	0
212	0
213	0
214	0
215	0
216	0
217	0
218	0
219	1
220	1
221	1
222	1
223	1
224	0
225	0
226	0
227	0
228	0
229	0
230	0
231	0
232	0
233	0
234	0
235	0
236	0
237	0
238	0
239	0
240	0
241	0
242	0
243	0
244	0
245	0
246	0
247	0
248	0
249	0
250	0
251	1
252	1
253	1
254	1
255	1
256	0
257	0
258	0
259	0
260	0
261	0
262	0
263	0
264	0
265	0
266	0
267	0
268	0
269	0
270	0
271	0
272	0
273	0
274	0
275	0
276	0
277	0
278	0
279	0
280	0
281	0
282	1
283	1
284	1
285	1
286	1
287	1
288	0
289	0
290	0
291	0
292	0
293	0
294	0
295	0
296	0
297	0
298	0
299	0
300	0
301	0
302	0
303	0
304	0
305	0
306	0
307	0
308	0
309	0
310	0
311	0
312	0
313	1
314	1
315	1
316	1
317	1
318	1
319	1
320	0
321	0
322	0
323	0
324	0
325	0
326	0
327	0
328	0
329	0
330	0
331	0
332	0
333	0
334	0
335	0
336	0
337	0
338	0
339	0
340	0
341	0
342	0
343	0
344	0
345	1
346	1
347	1
348	1
349	1
350	1
351	1
352	0
353	0
354	0
355	0
356	0
357	0
358	0
359	0
360	0
361	0
362	0
363	0
364	0
365	0
366	0
367	0
368	0
369	0
370	0
371	0
372	0
373	1
374	1
375	0
376	0
377	1
378	1
379	1
380	1
381	1
382	1
383	1
384	0
385	0
386	0
387	0
388	0
389	0
390	0
391	0
392	0
393	0
394	0
395	0
396	0
397	0
398	0
399	0
400	0
401	0
402	0
403	0
404	0
405	1
406	1
407	1
408	1
409	1
410	1
411	1
412	1
413	1
414	1
415	1
416	0
417	0
418	0
419	0
420	0
421	0
422	0
423	0
424	0
425	0
426	0
427	0
428	0
429	0
430	0
431	0
432	0
433	0
434	0
435	1
436	1
437	1
438	1
439	1
440	1
441	1
442	1
443	1
444	1
445	1
446	1
447	1
448	0
449	0
450	0
451	0
452	0
453	0
454	0
455	0
456	0
457	0
458	0
459	0
460	0
461	0
462	0
463	0
464	0
465	0
466	0
467	0
468	1
469	1
470	1
471	1
472	1
473	1
474	1
475	1
476	1
477	1
478	1
479	1
480	0
481	0
482	0
483	0
484	0
485	0
486	0
487	0
488	0
489	0
490	0
491	0
492	0
493	0
494	0
495	0
496	0
497	1
498	1
499	1
500	1
501	1
502	1
503	1
504	1
505	1
506	1
507	1
508	1
509	1
510	1
511	1
512	0
513	0
514	0
515	0
516	0
517	0
518	0
519	0
520	0
521	0
522	0
523	0
524	0
525	0
526	0
527	0
528	0
529	1
530	1
531	1
532	1
533	1
534	1
535	1
536	1
537	1
538	1
539	1
540	1
541	1
542	1
543	1
544	0
545	0
546	0
547	0
548	0
549	0
550	0
551	0
552	0
553	0
554	0
555	0
556	0
557	0
558	0
559	0
560	1
561	1
562	1
563	1
564	1
565	1
566	1
567	1
568	1
569	1
570	1
571	1
572	1
573	1
574	1
575	1
576	0
577	0
578	0
579	0
580	0
581	0
582	0
583	0
584	0
585	0
586	0
587	0
588	0
589	0
590	1
591	1
592	1
593	1
594	1
595	1
596	1
597	1
598	1
599	1
600	1
601	1
602	1
603	1
604	1
605	1
606	1
607	1
608	0
609	0
610	0
611	0
612	0
613	0
614	0
615	0
616	0
617	0
618	0
619	0
620	0
621	1
622	1
623	1
624	1
625	1
626	1
627	1
628	1
629	1
630	1
631	1
632	1
633	1
634	1
635	1
636	1
637	1
638	1
639	1
640	0
641	0
642	0
643	0
644	0
645	0
646	0
647	0
648	0
649	0
650	0
651	1
652	1
653	1
654	1
655	1
656	1
657	1
658	1
659	1
660	1
661	1
662	1
663	1
664	1
665	1
666	1
667	1
668	1
669	1
670	1
671	1
672	0
673	0
674	0
675	0
676	0
677	0
678	0
679	0
680	0
681	0
682	0
683	1
684	1
685	1
686	1
687	1
688	1
689	1
690	1
691	1
692	1
693	1
694	1
695	1
696	1
697	1
698	1
699	1
700	1
701	1
702	1
703	1
704	0
705	0
706	0
707	0
708	0
709	0
710	0
711	0
712	0
713	0
714	1
715	1
716	1
717	1
718	1
719	1
720	1
721	1
722	1
723	1
724	1
725	1
726	1
727	1
728	1
729	1
730	1
731	1
732	1
733	1
734	1
735	1
736	0
737	0
738	0
739	0
740	0
741	0
742	0
743	0
744	1
745	1
746	1
747	1
748	1
749	1
750	1
751	1
752	1
753	1
754	1
755	1
756	1
757	1
758	1
759	1
760	1
761	1
762	1
763	1
764	1
765	1
766	1
767	1
768	0
769	0
770	0
771	0
772	0
773	0
774	0
775	0
776	1
777	1
778	1
779	1
780	1
781	1
782	1
783	1
784	1
785	1
786	1
787	1
788	1
789	1
790	1
791	1
792	1
793	1
794	1
795	1
796	1
797	1
798	1
799	1
800	0
801	0
802	0
803	0
804	0
805	0
806	0
807	0
808	1
809	1
810	1
811	1
812	1
813	1
814	1
815	1
816	1
817	1
818	1
819	1
820	1
821	1
822	1
823	1
824	1
825	1
826	1
827	1
828	1
829	1
830	1
831	1
832	0
833	0
834	0
835	0
836	0
837	0
838	0
839	1
840	1
841	1
842	1
843	1
844	1
845	1
846	1
847	1
848	1
849	1
850	1
851	1
852	1
853	1
854	1
855	1
856	1
857	1
858	1
859	1
860	1
861	1
862	1
863	1
864	0
865	0
866	0
867	0
868	0
869	0
870	0
871	1
872	1
873	1
874	1
875	1
876	1
877	1
878	1
879	1
880	1
881	1
882	1
883	1
884	1
885	1
886	1
887	1
888	1
889	1
890	1
891	1
892	1
893	1
894	1
895	1
896	0
897	0
898	0
899	0
900	0
901	0
902	0
903	1
904	1
905	1
906	1
907	1
908	1
909	1
910	1
911	1
912	1
913	1
914	1
915	1
916	1
917	1
918	1
919	1
920	1
921	1
922	1
923	1
924	1
925	1
926	1
927	1
928	0
929	0
930	0
931	0
932	0
933	0
934	0
935	1
936	1
937	1
938	1
939	1
940	1
941	1
942	1
943	1
944	1
945	1
946	1
947	1
948	1
949	1
950	1
951	1
952	1
953	1
954	1
955	1
956	1
957	1
958	1
959	1
960	0
961	0
962	0
963	0
964	0
965	0
966	0
967	1
968	1
969	1
970	1
971	1
972	1
973	1
974	1
975	1
976	1
977	1
978	1
979	1
980	1
981	1
982	1
983	1
984	1
985	1
986	1
987	1
988	1
989	1
990	1
991	1
992	0
993	0
994	0
995	0
996	0
997	0
998	0
999	1
1000	1
1001	1
1002	1
1003	1
1004	1
1005	1
1006	1
1007	1
1008	1
1009	1
1010	1
1011	1
1012	1
1013	1
1014	1
1015	1
1016	1
1017	1
1018	1
1019	1
1020	1
1021	1
1022	1
1023	1
